function [ exponential_lookup_table ] = exp_lookup ( )
    exponential_lookup_table = [
        -1.000000
        0.000000
        0.500000
        0.707107
        0.809017
        0.866025
        0.900969
        0.923880
    ];
end