function [ exponential_lookup_table ] = exp_lookup ( )
    exponential_lookup_table = [
        -1.000000 - 0.000000i
        0.000000 - 1.000000i
        0.500000 - 0.866025i
        0.707107 - 0.707107i
        0.809017 - 0.587785i
        0.866025 - 0.500000i
        0.900969 - 0.433884i
        0.923880 - 0.382683i
    ];
end